816265645 
3159309234 
3590723297 
1638587572 
3065398782
1174749576  
755639290 
2864156751 
3847614174 
2482430180
1340293909  
552995746 
3897018743 
2362120600 
1553755880
272441568  
567537773 
1135592872 
2512039951 
2342167270
1954478166 
2885361028   
35066349  
462300226 
1374852696
382803696 
1220148658 
3370649039  
968190228 
2148827474
467764806 
1072783176 
3985537899 
3978429400 
3023801567
2856185204 
2733399236  
500260645  
371292627 
2827006044
2824659567 
3414921471 
1766199170 
1639865385 
3806734751
2499666314 
1296261118 
2476266015 
1716681025 
2097830662
